0000000000000000000001000000000000000000000000000
0000000000000000000010100000000000000000000000000
0000000000000110000101100000000000000011000000000
0000000000000110001101100000000000000101000000000
0000000000000000000101100000000000001000000110011
0000000000000000000010100000000000001001001001011
0000000000000000000001000001000000001000000110000
0000000000000000000000000001010000000101000000000
0000000000000000000000000001100000000011000000000
0000000000000000000000000000000000000000000000000
0000000000000000000000000000000000000000000000000
0000000000000000000000000000000000000000000000000
0000000000000000000000000000000000000000000000000
0000000000000000000000000000000000000000000000000
0000000000000000000000000000000000000000000000000
0000000000000000000000000000000000000000000000000
0000000000000000000000000000000000000000000000000
0000000000000000000000000000000000000000000000000
0000000000000000000000000000000000000000000000000
0000000000000000000000000000000000000000000000000
0000000000000000000000000000000000000000000000000
0000000000000000000000000000000000000000000000000
0000000000000000000000000000000000000000000000000
0000000000000000000000000000000000000000000000000
0000000000000000000000000000000000000000000000000
0000000000000000000000000000000000000000000000000
0000000000000000000000000000000000000000000000000
0000001000000000000000000000000000000000000000000
0000010000000000000000000000000000000000000000000
0000011100000000000000000000000000000000000000000
0000000000000000000000000000000000000000000000000
0011000000000000000000000000000000000000000000000
0101000000000000000000000000000000000000000000000
0100000000000000000000000000000000000000000000000
1100000000000000000000000000000000000000000000000
