000000000000000000000000001100011000000000000000000
000000000000000000000000111010011000000000000000000
000000000000000000000001000010000000000000000000000
000000000000000000000001001101111000000000000000000
000000000000000000000011010101001000000000000000000
000000000000000000000001010101000000000000000000000
000000000000000000000001010110000000000000000000000
000000000000000000000000100000000000000000000000000
000000000000000000000000000000000000000000000000000
000000000000000000000000000000000000011000000000000
000000000000000000000000000011000000010000000000000
000000000000000000000000000011000001010000000000000
000000000100000000000000000000000001100000000000000
000000000111000000000000000000000000000000000000000
000000000000100000000100000000000000000000000000000
000000000001100000000101000000000000000000000000000
000000000000000000000110000000000000000000000000000
000000000000000000000000000000000000000000000000000
110110000000000000000000000000000000000000000000000
110100000000000000000000011000000000000000000000000
000100000000000000000000001000000000000000000000000
000111000011000000000001110000000000000000000000000
011000100011000000000001000000000000000000000010000
100111100000000000000000000011000000000000001111100
110100000000000000011000000001000000000000010000010
010011100000000000010100000001010000000000001110010
010000010000000000000100000000110000000000000001011
001111100000000000000110000000000000000000001111001
000010000000000000000000000100000000000110001000110
000000000000000000000000011100000000000110000111000
000000000000000000000000100000000000000000000001000
000000000000000000000000110000000000000000000001011
000000000000000000000000000000000000000000000011011
000000000000000000000000000000000000000000000000000
000000000000000000000000000000000000000000000000000
000000000000000000000000000000000000001100000000000
000000000000000000000000000000000000001000000000000
000000000000000000000000000000000000000111000000000
000000000000001100000000000000000000000001000000000
000000000000010100000110000000000000000000000000000
000000000000010000000110000000000000000000000000000
000000000000110000000000000000000000000000000000000
000000000000000000000000000000000000000000000000000
000000000000000000000000001000000000000000000000000
000000000000000000000011010100000000000000000000000
000000000000000000000101010100000000000000000000000
000000000000000000100101010110000000000000000000000
000000000000000000111101100100000000000000000000000
000000000000000000000010000100000000000000000000000
000000000000000000110010111000000000000000000000000
000000000000000000110001100000000000000000000000000
