000000000000000000000000001000000000000000000000000000
000000000000000000000000010100000000000000000000000000
000000000000000000110000101100000000000000011000000000
000000000000000000110001101100000000000000101000000000
000000000000000000000000101100000000000001000000110011
000000000000000000000000010100000000000001001001001011
000000000000000000000000001000001000000001000000110000
000000000000000000000000000000001010000000101000000000
000000000000000000000000000000001100000000011000000000
000000000000000000000000000000000000000000000000000000
000000000000000000000000000000000000000000000000000000
000000000000000000000000000000000000000000000000000000
000000000000000000000000000000000000000000000000000000
000000000000000000000000000000000000000000000000000000
000000000000000000000000000000000000000000000000000000
000000000000000000000000000000000000000000000000000000
000000000000000000000000000000000000000000000000000000
000000000000000000000000000000000000000000000000000000
001100000000000000000000000000000000000000000000000000
001100000000000000000000000000000000000000000000000000
000000000000000000000000000000000000000000000000000000
000000000000000000000000000000000000000000000000000000
000000000000000000000000000000000000000000000000000000
000100000000000000000000000000000000000000000000000000
001110000000000000000000000000000000000000000000000000
010001000000000000000000000000000000000000000000000000
101110100000000000000000000000000000000000000000000000
011111000000000000000000000000000000000000000000000000
000000000000000000000000000000000000000000000000000000
000000000000000000000000000000000000000000000000000000
000000000000000000000000000000000000000000000000000000
000000000000000000000000000000000000000000000000000000
000000111000000000000000000000000000000000000000000000
000000001000000000000000000000000000000000000000000000
000000010000000000000000000000000000000000000000000000
000000000000000000000000000000000000000000000000000000
000000000000000000000000000000000000000000000000000000
000000000000000000000000000000000000000000000000000000
000000000000000000000000000000000000000000000000000000
000000000000000000000000000000000000000000000000000000
000000000000000000000000000000000000000000000000000000
000011100000000000000000000000000000000000000000000000
000100010000000000000000000000000000000000000000000000
001000001000000000000000000000000000000000000000000000
001101011000000000000000000000000000000000000000000000
000000000000000000000000000000000000000000000000000000
000000000000000000000000000000000000000000000000000000
000001000000000000000000000000000000000000000000000000
000010100000000000000000000000000000000000000000000000
000010100000000000000000000000000000000000000000000000
000001000000000000000000000000000000000000000000000000
000000000000000000000000000000000000000000000000000000
000011000000000000000000000000000000000000000000000000
000011000000000000000000000000000000000000000000000000
